ID,Date,FuelType,UnitSP,UnitNet,UnitCP,UnitProfit,QtySold,ValSold,Net,Profit
1,01.01.2016,Unleaded,126.9,103.2,96.0,7.2,3829,4859,3950,275.41
2, 01.01.2016,Diesel,114.9,93.4,81.8,11.6,4840,5561,4521,562.48
3,02.01.2016,Unleaded,126.9,103.2,96.0,7.2,5291,6714,5458,380.58
4, 02.01.2016,Diesel,114.9,93.4,81.8,11.6,6951,7986,6493,807.79
5,03.01.2016,Unleaded,126.9,103.2,96.1,7.1,4968,6304,5125,351.88
6, 03.01.2016,Diesel,114.9,93.4,81.3,12.1,7073,8127,6607,854.57
7,04.01.2016,Unleaded,126.9,103.2,96.1,7.1,5753,7301,5936,407.54
8, 04.01.2016,Diesel,114.9,93.4,81.3,12.1,8915,10243,8328,1077.32
9,05.01.2016,Unleaded,126.9,103.2,97.2,5.9,5038,6394,5198,298.94
10, 05.01.2016,Diesel,114.9,93.4,81.3,12.1,9058,10408,8462,1094.47
11,06.01.2016,Unleaded,126.9,103.2,96.1,7.1,5518,7003,5694,390.90
12, 06.01.2016,Diesel,114.9,93.4,82.0,11.4,9028,10373,8433,1030.43
13,07.01.2016,Unleaded,126.9,103.2,96.1,7.1,6067,7699,6259,429.75
14, 07.01.2016,Diesel,114.9,93.4,82.0,11.4,9726,11175,9086,1109.95
15,08.01.2016,Unleaded,126.9,103.2,96.1,7.1,6818,8652,7034,482.89
16, 08.01.2016,Diesel,114.9,93.4,82.0,11.4,10358,11901,9676,1182.16
17,09.01.2016,Unleaded,126.9,103.2,96.1,7.1,5620,7132,5798,398.11
18, 09.011.2016,Diesel,114.9,93.4,82.0,11.4,8052,9252,7522,918.96
19,10.01.2016,Unleaded,126.9,103.2,96.1,7.1,5092,6462,5254,360.71
20, 10.01.2016,Diesel,114.9,93.4,82.0,11.4,7262,8344,6783,828.71
21,11.01.2016,Unleaded,126.9,103.2,96.1,7.1,4730,6002,4880,335.01
22, 11.01.2016,Diesel,114.9,93.4,82.0,11.4,9436,10842,8814,1076.86
23,12.01.2016,Unleaded,126.2,102.6,96.1,6.5,4110,5188,4218,268.38
24, 12.01.2016,Diesel,114.3,92.9,82.0,10.9,8580,9805,7971,936.14
25,13.01.2016,Unleaded,122.9,99.9,96.1,3.8,5559,6832,5554,212.89
26, 13.01.2016,Diesel,110.9,90.2,82.0,8.2,9405,10430,8480,767.79
27,14.01.2016,Unleaded,122.9,99.9,96.1,3.8,5494,6752,5490,210.40
28,14.01.2016,Diesel,110.9,90.2,82.0,8.2,10127,11231,9131,826.82
29,15.01.2016,Unleaded,122.9,99.9,94.1,5.8,5374,6605,5370,313.36
30, 15.01.2016,Diesel,110.9,90.2,78.9,11.3,11806,13092,10644,1330.80
31,16.01.2016,Unleaded,122.9,99.9,94.1,5.8,4750,5838,4746,276.94
32,16.01.2016,Diesel,110.9,90.2,78.9,11.3,7040,7807,6347,793.64
33,17.01.2016,Unleaded,122.2,99.4,93.2,6.2,4205,5141,4180,260.02
34,17.01.2016,Diesel,108.7,88.3,77.9,10.4,7459,8106,6590,776.64
35,18.01.2016,Unleaded,121.9,99.1,93.2,5.9,4155,5065,4118,244.85
36,18.01.2016,Diesel,107.9,87.7,77.9,9.8,8680,9366,7615,849.06
37,19.01.2016,Unleaded,121.9,99.1,93.2,5.9,3811,4646,3777,224.63
38, 19.01.2016,Diesel,107.9,87.7,77.9,9.8,8885,9586,7794,869.00
39,21.01.2016,Unleaded,120.1,97.6,93.2,4.4,10877,13062,10620,480.99
40, 21.01.2016,Diesel,107.9,87.7,77.9,9.8,21831,23555,19150,2135.39
41,22.01.2016,Unleaded,119.9,97.5,93.2,4.3,6380,7650,6219,272.56
42,22.01.2016,Diesel,107.9,87.7,77.9,9.8,10478,11305,9191,1024.84
43,23.01.2016,Unleaded,119.9,97.5,93.2,4.3,4642,5566,4525,198.31
44,23.01.2016,Diesel,107.9,87.7,77.9,9.8,7949,8576,6972,777.40
45,24.01.2016,Unleaded,119.9,97.5,96.0,1.5,4328,5190,4219,65.02
46,24.01.2016,Unleaded,107.9,87.7,78.7,9.0,7415,8000,6504,669.64
47,25.01.2016,Unleaded,119.9,97.5,93.2,4.3,4419,5299,4308,190.14
48,25.01.2016,Diesel,107.9,87.7,75.6,12.1,9401,10143,8247,1141.40
49,26.01.2016,Unleaded,119.9,97.5,90.1,7.4,4515,5414,4402,332.00
50,26.01.2016,Diesel,107.9,87.7,79.4,8.4,8862,9562,7774,740.14
51,27.01.2016,Unleaded,119.9,97.5,93.2,4.3,5353,6418,5218,230.31
52,27.01.2016,Diesel,107.9,87.7,75.6,12.1,9060,9775,7947,1099.81
53,28.01.2016,Unleaded,119.9,97.5,93.2,4.3,5505,6601,5367,236.87
54,28.01.2016,Diesel,107.9,87.7,75.6,12.1,10810,11664,9483,1312.54
55,29.01.2016,Unleaded,119.9,97.5,93.2,4.3,5797,6951,5651,249.43
56,29.01.2016,Diesel,107.9,87.7,75.6,12.1,10266,11076,9005,1246.38
57,30.01.2016,Unleaded,119.9,97.5,93.2,4.3,4959,5946,4835,213.40
58,30.01.2016,Diesel,107.9,87.7,75.6,12.1,8264,8917,7250,1003.44
59,31.01.2016,Unleaded,119.9,97.5,93.2,4.3,4766,5715,4646,205.08
60,31.01.2016,Diesel,107.9,87.7,75.6,12.1,7567,8164,6638,918.64
61,01.02.2016,Unleaded,119.9,97.5,93.2,4.3,4099,4915,3996,176.38
62,01.02.2016,Diesel,107.9,87.7,75.6,12.1,8564,9240,7512,1039.80
63,02.02.2016,Unleaded,119.9,97.5,93.2,4.3,5456,6542,5319,234.73
64,02.02.2016,Diesel,107.9,87.7,75.6,12.1,8516,9188,7470,1033.96
65,03.02.2016,Unleaded,119.9,97.5,94.2,3.3,4436,5320,4325,144.76
66,03.02.2016,Diesel,107.9,87.7,78.7,9.1,8889,9591,7798,804.62
67,04.02.2016,Unleaded,119.9,97.5,94.2,3.3,5535,6637,5396,180.63
68,04.02.2016,Diesel,107.9,87.7,78.7,9.1,9309,10045,8166,842.64
69,05.02.2016,Unleaded,119.9,97.5,94.2,3.3,6080,7291,5927,198.37
70,05.02.2016,Diesel,107.9,87.7,78.7,9.1,9042,9757,7932,818.40
71,06.02.2016,Unleaded,119.9,97.5,77.8,19.6,5381,6452,5246,1057.06
72,06.02.2016,Diesel,107.9,87.7,75.6,12.1,7520,8114,6597,913.00
73,07.02.2016,Unleaded,119.9,97.5,77.8,19.6,5321,6380,5187,1045.19
74,07.02.2016,Diesel,107.9,87.7,75.6,12.1,6682,7210,5862,811.28
75,08.02.2016,Unleaded,119.9,97.5,77.8,19.6,4798,5753,4677,942.42
76,08.02.2016,Diesel,107.9,87.7,75.6,12.1,7667,8273,6726,930.84
77,09.02.2016,Unleaded,119.9,97.5,92.4,5.1,4816,5774,4695,246.23
78,09.02.2016,Diesel,107.9,87.7,79.6,8.1,8493,9164,7450,686.30
79,10.02.2016,Unleaded,119.9,97.5,92.4,5.1,4881,5852,4758,249.53
80,10.02.2016,Diesel,107.9,87.7,79.6,8.1,8304,8959,7284,670.93
81,11.02.2016,Unleaded,119.9,97.5,92.4,5.1,5803,6958,5657,296.70
82,11.02.2016,Diesel,107.9,87.7,79.6,8.1,9529,10281,8359,769.99
83,12.02.2016,Unleaded,118.3,96.2,90.8,5.4,6723,7955,6467,363.44
84,12.02.2016,Diesel,107.2,87.2,78.7,8.5,9821,10532,8562,836.48
85,13.02.2016,Unleaded,115.9,94.2,90.8,3.4,6462,7490,6089,222.01
86,13.02.2016,Diesel,105.9,86.1,78.7,7.4,8344,8836,7184,619.75
87,14.02.2016,Unleaded,115.9,94.2,89.5,4.7,5826,6752,5489,273.55
88,14.02.2016,Diesel,105.9,86.1,75.6,10.5,7688,8142,6619,808.50
89,15.02.2016,Unleaded,115.9,94.2,89.5,4.7,5904,6842,5563,277.14
90,15.02.2016,Diesel,105.9,86.1,76.8,9.4,9419,9974,8109,880.27
91,16.02.2016,Unleaded,115.9,94.2,89.5,4.7,5451,6318,5136,255.87
92,16.02.2016,Diesel,105.9,86.1,76.8,9.4,8035,8509,6918,751.01
93,17.02.2016,Unleaded,115.9,94.2,89.5,4.7,6837,7923,6442,320.92
94,17.02.2016,Diesel,105.9,86.1,76.8,9.4,9932,10517,8551,928.25
95,18.02.2016,Unleaded,115.9,94.2,89.5,4.7,7551,8752,7115,354.62
96,18.02.2016,Diesel,105.9,86.1,76.8,9.4,10184,10785,8768,951.90
97,19.02.2016,Unleaded,115.9,94.2,89.5,4.7,6693,7757,6307,314.27
98,19.02.2016,Diesel,105.9,86.1,76.8,9.4,11444,12119,9853,1069.58
99,20.02.2016,Unleaded,115.9,94.2,89.5,4.7,6635,7689,6251,311.52
100,20.02.2016,Diesel,105.9,86.1,76.8,9.4,8980,9510,7731,839.3
101,21.02.2016,Unleaded,115.9,94.2,91.0,3.2,5947,6892,5603,188.82
102,21.02.2016,Diesel,105.9,86.1,76.8,9.4,6824,7227,5875,637.77
103,22.02.2016,Unleaded,115.9,94.2,91.0,3.2,5101,5912,4806,161.91
104,22.02.2016,Diesel,105.9,86.1,80.2,5.9,8078,8555,6955,477.90
105,23.02.2016,Unleaded,115.9,94.2,91.0,3.2,5690,6594,5361,180.68
106,23.02.2016,Diesel,105.9,86.1,80.2,5.9,9864,10446,8492,583.58
107,24.02.2016,Unleaded,115.9,94.2,91.0,3.2,6906,8004,6507,219.27
108,24.02.2016,Diesel,105.9,86.1,80.2,5.9,9218,9762,7937,545.50
109,25.02.2016,Unleaded,115.9,94.2,91.0,3.2,7145,8280,6732,226.86
110,25.02.2016,Diesel,105.9,86.1,80.2,5.9,10873,11515,9362,643.31
111,26.02.2016,Unleaded,115.9,94.2,91.0,3.2,8193,9496,7720,260.09
112,26.02.2016,Diesel,105.9,86.1,80.2,5.9,10786,11423,9287,638.29
113,27.02.2016,Unleaded,115.9,94.2,91.0,3.2,6519,7556,6143,206.98
114,27.02.2016,Diesel,105.9,86.1,80.2,5.9,9014,9546,7761,533.42
115,28.02.2016,Unleaded,115.9,94.2,91.0,3.2,6574,7619,6195,208.73
116,28.02.2016,Diesel,105.9,86.1,80.2,5.9,7994,8466,6883,472.97
117,29.02.2016,Unleaded,115.9,94.2,91.0,3.2,6006,6961,5659,190.59
118,29.02.2016,Diesel,105.9,86.1,80.2,5.9,8346,8838,7185,493.77
119,01.03.2016,Unleaded,115.9,94.2,90.1,4.1,5875,6809,5536,240.59
120,01.03.2016,Diesel,105.9,86.1,79.4,6.7,9349,9900,8049,628.93
121,02.03.2016,Unleaded,115.9,94.2,89.7,4.5,6568,7612,6189,297.17
122,02.03.2016,Diesel,105.9,86.1,79.5,6.6,9740,10314,8386,646.43
123,03.03.2016,Unleaded,115.9,94.2,90.1,4.1,7856,9105,7402,321.72
124,03.03.2016,Diesel,105.9,86.1,79.4,6.7,10847,11487,9339,729.73
125,04.03.2016,Unleaded,115.9,94.2,90.1,4.1,7480,8669,7048,306.33
126,04.03.2016,Diesel,105.9,86.1,79.4,6.7,10905,11548,9388,733.54
127,05.03.2016,Unleaded,115.9,94.2,90.1,4.1,7788,9026,7338,318.97
128,05.03.2016,Diesel,105.9,86.1,79.4,6.7,8976,9506,7728,603.77
129,06.03.2016,Unleaded,115.9,94.2,90.1,4.1,6614,7665,6232,270.83
130,06.03.2016,Diesel,105.9,86.1,79.4,6.7,7159,7581,6163,481.46
131,07.03.2016,Unleaded,115.9,94.2,90.1,4.1,6034,6993,5686,247.09
132,07.03.2016,Diesel,105.9,86.1,79.4,6.7,9118,9656,7850,613.38
133,08.03.2016,Unleaded,115.9,94.2,94.0,0.2,5519,6397,5200,11.82
134,08.03.2016,Diesel,105.9,86.1,79.1,7.0,9257,9803,7970,647.76
135,09.03.2016,Unleaded,115.9,94.2,94.0,0.2,7110,8240,6699,15.37
136,09.03.2016,Diesel,105.9,86.1,79.1,7.0,10168,10768,8754,711.41
137,10.03.2016,Unleaded,115.9,94.2,91.5,2.7,7586,8792,7148,205.18
138,10.03.2016,Diesel,105.9,86.1,81.6,4.5,9276,9823,7987,417.10
139,11.03.2016,Unleaded,117.2,95.3,91.5,3.8,8519,9983,8117,320.23
140,11.03.2016,Diesel,105.9,86.1,81.6,4.5,11505,12183,9905,517.31
141,12.03.2016,Unleaded,119.9,97.5,91.5,6.0,6752,8096,6582,402.62
142,12.03.2016,Diesel,105.9,86.1,81.6,4.5,9423,9978,8113,423.65
143,13.03.2016,Unleaded,119.9,97.5,91.5,6.0,6108,7323,5954,364.17
144,13.03.2016,Diesel,105.9,86.1,81.6,4.5,7264,7693,6254,326.65
145,14.03.2016,Unleaded,119.9,97.5,93.4,4.1,5483,6574,5345,225.46
146,14.03.2016,Diesel,105.9,86.1,82.9,3.2,9584,10150,8252,307.30
147,15.03.2016,Unleaded,119.9,97.5,93.4,4.1,5381,6452,5245,221.29
148,15.03.2016,Diesel,105.9,86.1,82.9,3.2,10011,10602,8619,321.04
149,16.03.2016,Unleaded,119.9,97.5,93.4,4.1,6449,7733,6287,265.24
150,16.03.2016,Diesel,105.9,86.1,82.9,3.2,12159,12876,10468,389.95
151,17.03.2016,Unleaded,119.9,97.5,95.2,2.3,4790,5743,4669,108.85
152,17.03.2016,Diesel,105.9,86.1,83.7,2.4,7841,8304,6751,188.65
153,18.03.2016,Unleaded,119.9,97.5,95.2,2.3,7574,9081,7383,172.13
154,18.03.2016,Diesel,105.9,86.1,83.7,2.4,11176,11835,9622,268.94
155,19.03.2016,Unleaded,119.9,97.5,91.5,6.0,7325,8783,7141,436.78
156,19.03.2016,Diesel,105.9,86.1,81.6,4.5,10757,11391,9261,483.71
157,20.03.2016,Unleaded,119.9,97.5,91.5,6.0,6471,7759,6308,385.81
158,20.03.2016,Diesel,105.9,86.1,81.6,4.5,9870,10452,8497,443.77
159,21.03.2016,Unleaded,120.6,98.0,94.5,3.6,6055,7301,5936,215.30
160,21.03.2016,Diesel,106.6,86.7,82.8,3.9,11141,11879,9658,435.60
161,22.03.2016,Unleaded,121.9,99.1,95.1,4.0,5572,6792,5522,220.84
162,22.03.2016,Diesel,107.9,87.7,83.6,4.1,8415,9080,7382,344.24
163,23.03.2016,Unleaded,121.9,99.1,93.7,5.4,5738,6995,5687,309.53
164,23.03.2016,Diesel,107.9,87.7,83.6,4.1,9348,10086,8200,382.33
165,24.03.2016,Unleaded,121.9,99.1,93.7,5.4,6562,7999,6503,353.92
166,24.03.2016,Diesel,107.9,87.7,83.6,4.1,11507,12415,10094,470.79
167,25.03.2016,Unleaded,121.9,99.1,93.7,5.4,7174,8745,7109,386.91
168,25.03.2016,Diesel,107.9,87.7,83.6,4.1,11564,12477,10144,473.01
169,26.03.2016,Unleaded,121.9,99.1,93.7,5.4,6329,7715,6272,341.33
170,26.03.2016,Diesel,107.9,87.7,83.6,4.1,8483,9153,7441,346.97
171,27.03.2016,Unleaded,121.9,99.1,97.5,1.6,3440,4193,3409,56.79
172,27.03.2016,Diesel,107.9,87.7,83.0,4.7,5583,6024,4898,263.61
173,28.03.2016,Unleaded,121.9,99.1,97.5,1.6,5392,6573,5344,89.19
174,28.03.2016,Diesel,107.9,87.7,83.0,4.7,8144,8787,7144,384.40
175,29.03.2016,Unleaded,123.8,100.6,97.5,3.2,4926,6098,4957,157.07
176,29.03.2016,Diesel,107.9,87.7,83.0,4.7,9903,10685,8687,467.49
177,30.03.2016,Unleaded,125.9,102.4,97.5,4.9,5107,6429,5227,250.42
178,30.03.2016,Diesel,107.9,87.7,83.0,4.7,9678,10443,8490,456.86
179,31.03.2016,Unleaded,125.9,102.4,97.5,4.9,6205,7812,6351,304.27
180,31.03.2016,Diesel,107.9,87.7,83.0,4.7,11600,12516,10176,547.68
181,01.04.2016,Unleaded,125.9,102.4,98.4,3.9,5329,6709,5454,210.17
182,01.04.2016,Diesel,107.9,87.7,81.8,6.0,11640,12559,10210,695.03
183,02.04.2016,Unleaded,125.9,102.4,98.4,3.9,4780,6018,4892,188.45
184,02.04.2016,Diesel,107.9,87.7,81.8,6.0,9799,10573,8596,585.13
185,03.04.2016,Unleaded,125.9,102.4,98.4,3.9,4884,6149,4999,192.60
186,03.04.2016,Diesel,107.9,87.7,81.8,6.0,7682,8289,6739,458.71
187,04.04.2016,Unleaded,125.9,102.4,98.4,3.9,4422,5567,4526,174.40
188,04.04.2016,Diesel,107.9,87.7,81.8,6.0,10067,10862,8831,601.08
189,05.04.2016,Unleaded,125.9,102.4,98.4,3.9,5381,6775,5508,212.21
190,05.04.2016,Diesel,107.9,87.7,81.8,6.0,10916,11778,9576,651.85
191,06.04.2016,Unleaded,125.9,102.4,98.2,4.2,5058,6367,5177,210.59
192,06.04.2016,Diesel,107.9,87.7,82.3,5.5,10349,11167,9079,566.25
193,07.04.2016,Unleaded,125.9,102.4,98.2,4.2,5677,7147,5811,236.31
194,07.04.2016,Diesel,107.9,87.7,82.3,5.5,13038,14068,11437,713.35
195,08.04.2016,Unleaded,125.9,102.4,97.5,4.9,5878,7401,6017,288.31
196,08.04.2016,Diesel,107.9,87.7,80.3,7.4,11781,12712,10335,876.62
197,09.04.2016,Unleaded,125.9,102.4,97.5,4.9,5045,6351,5164,247.39
198,09.04.2016,Diesel,107.9,87.7,80.5,7.2,10133,10933,8888,733.77
199,10.04.2016,Unleaded,125.9,102.4,97.5,4.9,4765,5999,4878,233.66
200,10.04.2016,Diesel,107.9,87.7,80.5,7.2,9189,9915,8061,665.43
201,11.04.2016,Unleaded,125.9,102.4,97.5,4.9,5099,6419,5219,250.06
202,11.04.2016,Diesel,107.9,87.7,80.5,7.2,10478,11306,9192,758.73
203,12.04.2016,Unleaded,125.9,102.4,97.5,4.9,3919,4933,4011,192.16
204,12.04.2016,Diesel,107.9,87.7,80.5,7.2,10609,11446,9306,768.11
205,13.04.2016,Unleaded,125.9,102.4,97.5,4.9,4366,5496,4469,214.11
206,13.04.2016,Diesel,107.9,87.7,80.5,7.2,10995,11863,9645,796.12
207,14.04.2016,Unleaded,125.9,102.4,96.8,5.6,5772,7267,5908,321.83
208,14.04.2016,Diesel,107.9,87.7,80.5,7.2,12027,12977,10551,870.89
209,15.04.2016,Unleaded,125.9,102.4,96.8,5.6,5926,7461,6066,330.27
210,15.04.2016,Diesel,107.9,87.7,80.5,7.2,13353,14408,11714,966.96
211,16.04.2016,Unleaded,125.9,102.4,99.0,3.3,5493,6915,5622,183.64
212,16.04.2016,Diesel,107.9,87.7,82.9,4.8,10874,11732,9539,525.28
213,17.04.2016,Unleaded,125.9,102.4,99.0,3.3,5018,6318,5136,167.80
214,17.04.2016,Diesel,107.9,87.7,82.9,4.8,9604,10362,8424,464.01
215,18.04.2016,Unleaded,125.9,102.4,99.0,3.4,4473,5631,4578,149.63
216,18.04.2016,Diesel,107.9,87.7,82.9,4.8,10029,10821,8798,484.55
217,19.04.2016,Unleaded,125.9,102.4,99.0,3.3,4881,6145,4996,163.26
218,19.04.2016,Diesel,107.9,87.7,82.9,4.8,10279,11091,9017,496.53
219,20.04.2016,Unleaded,125.9,102.4,99.5,2.8,4782,6020,4895,135.97
220,20.04.2016,Diesel,107.9,87.7,84.2,3.6,10521,11352,9229,375.62
221,21.04.2016,Unleaded,125.9,102.4,99.5,2.8,5992,7544,6133,170.37
222,21.04.2016,Diesel,107.9,87.7,84.2,3.6,12605,13600,11057,450.11
223,22.04.2016,Unleaded,125.9,102.4,99.5,2.8,6178,7778,6324,175.63
224,22.04.2016,Diesel,107.9,87.7,84.2,3.6,15037,16225,13191,537.06
225,23.04.2016,Unleaded,125.9,102.4,98.2,4.2,6395,8051,6545,268.74
226,23.04.2016,Diesel,107.9,87.7,83.8,4.0,13165,14205,11548,521.52
227,24.04.2016,Unleaded,125.9,102.4,98.2,4.2,5812,7317,5949,244.35
228,24.04.2016,Diesel,109.6,89.1,83.8,5.3,10250,11234,9133,547.84
229,25.04.2016,Unleaded,125.9,102.4,98.2,4.2,5100,6420,5220,214.41
230,25.04.2016,Diesel,110.9,90.2,83.8,6.4,10912,12102,9839,698.73
231,26.04.2016,Unleaded,125.9,102.4,98.2,4.2,5043,6349,5161,211.92
232,26.04.2016,Diesel,110.9,90.2,83.8,6.4,9413,10439,8487,602.74
233,27.04.2016,Unleaded,125.9,102.4,98.6,3.8,5373,6764,5500,202.17
234,27.04.2016,Diesel,110.9,90.2,84.9,5.3,11073,12280,9984,587.33
235,28.04.2016,Unleaded,125.9,102.4,98.2,4.2,6166,7763,6312,259.25
236,28.04.2016,Diesel,110.9,90.2,83.8,6.4,12354,13701,11139,791.01
237,30.04.2016,Unleaded,125.9,102.4,98.6,3.8,13433,16912,13750,505.65
238,30.04.2016,Diesel,110.9,90.2,84.9,5.3,23987,26602,21628,1272.14
239,01.05.2016,Unleaded,125.9,102.4,98.6,3.8,5197,6542,5319,195.60
240,01.05.2016,Diesel,110.9,90.2,84.9,5.3,8278,9180,7463,438.99
241,02.05.2016,Unleaded,125.9,102.4,98.6,3.8,5932,7468,6072,223.31
242,02.05.2016,Diesel,110.9,90.2,84.9,5.3,9795,10863,8832,519.48
243,03.05.2016,Unleaded,125.9,102.4,98.6,3.8,5881,7404,6020,221.39
244,03.05.2016,Diesel,110.9,90.2,84.9,5.3,11339,12575,10223,601.34
245,04.05.2016,Unleaded,125.9,102.4,100.3,2.1,5750,7239,5885,120.82
246,04.05.2016,Diesel,110.9,90.2,85.4,4.7,11682,12956,10533,552.92
247,05.05.2016,Unleaded,125.9,102.4,100.3,2.1,6391,8046,6541,134.46
248,05.05.2016,Diesel,110.9,90.2,85.4,4.7,10704,11871,9651,506.68
249,06.05.2016,Unleaded,125.9,102.4,100.1,2.3,7082,8915,7248,161.71
250,06.05.2016,Diesel,110.9,90.2,86.3,3.9,12544,13911,11310,489.68
251,07.05.2016,Unleaded,125.9,102.4,100.1,2.3,6285,7913,6433,143.58
252,07.05.2016,Diesel,110.9,90.2,86.3,3.9,10031,11124,9044,391.54
253,08.05.2016,Unleaded,125.9,102.4,98.7,3.7,5631,7089,5763,206.27
254,08.05.2016,Diesel,110.9,90.2,85.1,5.1,8941,9916,8061,456.35
255,09.05.2016,Unleaded,125.9,102.4,98.7,3.7,5381,6774,5507,197.15
256,09.05.2016,Diesel,110.9,90.2,85.1,5.1,11089,12298,9998,565.86
257,10.05.2016,Unleaded,125.9,102.4,98.7,3.7,5815,7321,5952,213.11
258,10.05.2016,Diesel,110.9,90.2,85.1,5.1,11152,12367,10055,569.08
259,11.05.2016,Unleaded,125.9,102.4,98.7,3.7,6201,7806,6347,227.26
260,11.05.2016,Diesel,110.9,90.2,85.1,5.1,12375,13725,11158,631.63
261,12.05.2016,Unleaded,125.9,102.4,98.7,3.7,6526,8216,6679,238.95
262,12.05.2016,Diesel,110.9,90.2,85.1,5.1,12522,13887,11290,638.99
263,13.05.2016,Unleaded,125.9,102.4,98.7,3.7,7894,9938,8080,289.16
264,13.05.2016,Diesel,110.9,90.2,85.1,5.1,13757,15256,12404,702.08
265,14.05.2016,Unleaded,125.9,102.4,98.3,4.1,4922,6196,5038,200.49
266,14.05.2016,Diesel,110.9,90.2,84.9,5.3,8729,9680,7870,461.11
267,15.05.2016,Unleaded,125.9,102.4,98.3,4.1,6216,7826,6363,253.20
268,15.05.2016,Diesel,110.9,90.2,84.9,5.3,9870,10945,8899,521.38
269,16.05.2016,Unleaded,125.9,102.4,98.3,4.1,5527,6959,5657,225.17
270,16.05.2016,Diesel,110.9,90.2,84.9,5.3,10564,11716,9525,558.07
271,17.05.2016,Unleaded,125.9,102.4,98.3,4.1,6289,7918,6437,256.20
272,17.05.2016,Diesel,110.9,90.2,84.9,5.3,10387,11520,9366,548.88
273,18.05.2016,Unleaded,125.9,102.4,100.1,2.3,5557,6996,5688,127.51
274,18.05.2016,Diesel,110.9,90.2,86.3,3.8,12286,13626,11078,470.96
275,19.05.2016,Unleaded,125.9,102.4,98.3,4.1,7314,9208,7486,297.88
276,19.05.2016,Diesel,110.9,90.2,84.9,5.3,12449,13807,11225,657.83
277,20.05.2016,Unleaded,125.9,102.4,98.3,4.1,6996,8807,7160,284.97
278,20.05.2016,Diesel,110.9,90.2,84.9,5.3,13106,14535,11817,692.51
279,21.05.2016,Unleaded,125.9,102.4,102.3,0.1,6417,8079,6568,4.06
280,21.05.2016,Diesel,110.9,90.2,90.0,0.2,11472,12723,10344,18.82
281,22.05.2016,Unleaded,125.9,102.4,102.3,0.1,5982,7532,6123,3.92
282,22.05.2016,Diesel,110.9,90.2,90.0,0.2,10260,11378,9250,16.79
283,23.05.2016,Unleaded,128.7,104.6,102.3,2.3,4945,6364,5174,115.29
284,23.05.2016,Diesel,112.9,91.8,90.0,1.8,10445,11792,9587,186.10
285,24.05.2016,Unleaded,129.9,105.6,102.3,3.3,5145,6682,5433,170.40
286,24.05.2016,Diesel,113.9,92.6,90.0,2.6,10617,12093,9831,275.93
287,25.05.2016,Unleaded,129.9,105.6,102.3,3.3,5101,6626,5387,169.11
288,25.05.2016,Diesel,113.9,92.6,90.0,2.6,10848,12355,10045,281.90
289,26.05.2016,Unleaded,129.9,105.6,101.6,4.0,6187,8037,6534,246.01
290,26.05.2016,Diesel,113.9,92.6,88.4,4.2,12338,14052,11425,511.90
291,27.05.2016,Unleaded,129.9,105.6,101.6,4.0,7245,9411,7651,288.02
292,27.05.2016,Diesel,113.9,92.6,88.4,4.2,12014,13683,11125,498.41
293,28.05.2016,Unleaded,132.3,107.5,98.3,9.3,5711,7554,6142,529.21
294,28.05.2016,Diesel,113.9,92.6,84.9,7.7,9984,11372,9245,770.64
295,29.05.2016,Unleaded,132.9,108.0,98.3,9.8,5580,7417,6030,545.33
296,29.05.2016,Diesel,113.9,92.6,84.9,7.7,9679,11025,8963,747.13
297,30.05.2016,Unleaded,132.9,108.0,102.3,5.8,5330,7083,5759,308.10
298,30.05.2016,Diesel,113.9,92.6,88.9,3.7,11837,13482,10961,434.31
299,31.05.2016,Unleaded,132.9,108.0,102.3,5.8,4837,6429,5227,279.64
300,31.05.2016,Diesel,113.9,92.6,88.9,3.7,10853,12361,10049,398.13
301,01.06.2016,Unleaded,132.9,108.0,103.0,5.1,5904,7847,6379,300.01
302,01.06.2016,Diesel,113.9,92.6,86.3,6.3,12287,13994,11378,770.25
303,02.06.2016,Unleaded,132.9,108.0,103.0,5.1,6279,8345,6785,318.98
304,02.06.2016,Diesel,113.9,92.6,86.3,6.3,13006,14814,12044,815.31
305,03.06.2016,Unleaded,132.9,108.0,103.0,5.1,7665,10187,8282,389.39
306,03.06.2016,Diesel,115.2,93.6,89.7,3.9,12908,14866,12087,502.52
307,04.06.2016,Unleaded,132.9,108.0,103.0,5.1,6206,8248,6705,315.35
308,04.06.2016,Diesel,115.9,94.2,89.7,4.5,10211,11834,9621,458.16
309,05.06.2016,Unleaded,132.9,108.0,102.9,5.1,5118,6802,5530,261.58
310,05.06.2016,Diesel,115.9,94.2,89.8,4.4,7407,8584,6979,325.66
311,06.06.2016,Unleaded,132.9,108.0,102.9,5.1,5102,6781,5513,260.80
312,06.06.2016,Diesel,115.9,94.2,89.8,4.4,8897,10311,8383,391.19
313,07.06.2016,Unleaded,132.9,108.0,102.9,5.1,5632,7485,6085,287.88
314,07.06.2016,Diesel,115.9,94.2,89.8,4.4,9249,10720,8715,406.64
315,08.06.2016,Unleaded,132.9,108.0,102.9,5.1,5520,7336,5964,282.10
316,08.06.2016,Diesel,115.9,94.2,89.8,4.4,9554,11073,9003,420.17
317,09.06.2016,Unleaded,132.9,108.0,102.9,5.1,6025,8008,6510,307.97
318,09.06.2016,Diesel,115.9,94.2,89.8,4.4,12223,14166,11517,537.45
319,10.06.2016,Unleaded,132.9,108.0,102.3,5.8,6482,8615,7004,374.70
320,10.06.2016,Diesel,115.9,94.2,88.9,5.3,10382,12033,9783,549.98
321,11.06.2016,Unleaded,132.9,108.0,101.3,6.8,6745,8965,7288,456.12
322,11.06.2016,Diesel,115.9,94.2,88.9,5.3,9443,10945,8898,500.18
323,12.06.2016,Unleaded,132.9,108.0,101.3,6.8,5026,6679,5430,339.80
324,12.06.2016,Diesel,115.9,94.2,88.9,5.3,7862,9112,7408,416.52
325,13.06.2016,Unleaded,132.9,108.0,101.3,6.8,4117,5471,4448,278.41
326,13.06.2016,Diesel,115.9,94.2,88.9,5.3,9388,10880,8846,497.20
327,14.06.2016,Unleaded,132.9,108.0,102.3,5.8,5164,6864,5580,298.64
328,14.06.2016,Diesel,115.9,94.2,88.9,5.3,10382,12033,9783,549.86
329,15.06.2016,Unleaded,132.9,108.0,101.4,6.6,5536,7358,5982,366.06
330,15.06.2016,Diesel,115.9,94.2,90.8,3.4,10484,12151,9879,359.18
331,16.06.2016,Unleaded,132.9,108.0,101.4,6.6,6365,8459,6877,420.76
332,16.06.2016,Diesel,115.9,94.2,90.8,3.4,10729,12435,10110,367.63
333,17.06.2016,Unleaded,132.9,108.0,101.1,6.9,6930,9210,7488,480.92
334,17.06.2016,Diesel,115.9,94.2,89.2,5.0,12758,14786,12021,637.47
335,18.06.2016,Unleaded,132.9,108.0,101.1,6.9,6056,8048,6543,420.23
336,18.06.2016,Diesel,115.9,94.2,89.2,5.0,8793,10191,8285,439.41
337,19.06.2016,Unleaded,132.9,108.0,102.3,5.8,5656,7517,6111,325.85
338,19.06.2016,Diesel,115.9,94.2,90.0,4.2,7833,9078,7381,331.07
339,20.06.2016,Unleaded,132.9,108.0,102.3,5.8,5089,6764,5499,293.20
340,20.06.2016,Diesel,115.9,94.2,90.0,4.2,9514,11026,8964,402.04
341,21.06.2016,Unleaded,132.9,108.0,102.3,5.8,5104,6783,5515,293.98
342,21.06.2016,Diesel,115.9,94.2,90.0,4.2,9889,11462,9318,417.94
343,22.06.2016,Unleaded,132.9,108.0,102.3,5.8,5457,7253,5897,314.42
344,22.06.2016,Diesel,115.9,94.2,90.0,4.2,9305,10785,8768,393.31
345,23.06.2016,Unleaded,132.9,108.0,100.4,7.7,6268,8330,6772,480.76
346,23.06.2016,Diesel,115.9,94.2,88.1,6.1,10367,12015,9768,634.11
347,24.06.2016,Unleaded,132.9,108.0,100.4,7.7,6884,9149,7438,528.00
348,24.06.2016,Diesel,115.9,94.2,88.1,6.1,11100,12865,10459,678.93
349,25.06.2016,Unleaded,132.9,108.0,102.3,5.8,5142,6834,5556,296.21
350,25.06.2016,Diesel,115.9,94.2,90.0,4.2,7180,8321,6765,303.40
351,26.06.2016,Unleaded,132.9,108.0,102.3,5.8,4293,5706,4639,247.34
352,26.06.2016,Diesel,115.9,94.2,90.0,4.2,7015,8130,6610,296.45
353,27.06.2016,Unleaded,132.9,108.0,101.3,6.8,5296,7038,5722,360.22
354,27.06.2016,Diesel,115.9,94.2,88.6,5.6,10895,12627,10266,608.69
355,28.06.2016,Unleaded,132.9,108.0,101.3,6.8,4802,6381,5188,326.62
356,28.06.2016,Diesel,115.9,94.2,88.6,5.6,10409,12063,9808,581.44
357,29.06.2016,Unleaded,132.9,108.0,101.3,6.8,5206,6919,5626,354.13
358,29.06.2016,Diesel,115.9,94.2,88.6,5.6,10747,12455,10126,600.45
359,30.06.2016,Unleaded,132.9,108.0,101.3,6.8,6693,8896,7232,455.13
360,30.06.2016,Diesel,115.9,94.2,88.6,5.6,10455,12117,9851,584.05
361,01.07.2016,Unleaded,132.9,108.0,100.7,7.4,7382,9811,7977,544.93
362,01.07.2016,Diesel,115.9,94.2,88.3,5.9,11446,13265,10785,674.98
363,02.07.2016,Unleaded,132.9,108.0,97.6,10.4,6213,8257,6713,647.43
364,02.07.2016,Diesel,115.9,94.2,87.6,6.7,10049,11647,9469,669.95
365,03.07.2016,Unleaded,132.9,108.0,97.6,10.4,5794,7700,6260,603.69
366,03.07.2016,Diesel,115.9,94.2,87.6,6.7,8268,9583,7791,551.25
367,04.07.2016,Unleaded,132.9,108.0,97.6,10.4,4908,6523,5303,511.49
368,04.07.2016,Diesel,115.9,94.2,87.6,6.7,9324,10807,8786,621.65
369,05.07.2016,Unleaded,132.9,108.0,100.7,7.4,5542,7366,5989,409.13
370,05.07.2016,Diesel,115.9,94.2,88.3,5.9,10026,11620,9447,591.27
371,06.07.2016,Unleaded,132.9,108.0,100.7,7.4,5579,7415,6028,411.81
372,06.07.2016,Diesel,115.9,94.2,88.3,5.9,10045,11642,9465,592.35
373,07.07.2016,Unleaded,132.9,108.0,100.7,7.4,6305,8380,6813,465.36
374,07.07.2016,Diesel,115.9,94.2,88.3,5.9,10427,12084,9825,614.78
375,08.07.2016,Unleaded,132.9,108.0,99.3,8.8,6816,9059,7365,599.17
376,08.07.2016,Diesel,115.9,94.2,88.3,5.9,9246,10717,8713,545.25
377,09.07.2016,Unleaded,132.9,108.0,99.3,8.8,5310,7057,5738,466.79
378,09.07.2016,Diesel,115.9,94.2,88.3,5.9,8686,10067,8185,512.20
379,10.07.2016,Unleaded,132.9,108.0,97.5,10.6,5278,7015,5703,558.97
380,10.07.2016,Diesel,115.9,94.2,89.5,4.8,7493,8685,7061,356.48
381,11.07.2016,Unleaded,132.9,108.0,97.5,10.6,4571,6075,4939,484.17
382,11.07.2016,Diesel,115.9,94.2,89.5,4.8,9195,10657,8664,437.45
385,12.07.2016,Unleaded,132.9,108.0,97.6,10.4,4346,5776,4696,452.85
386,12.07.2016,Diesel,115.9,94.2,87.6,6.7,9105,10553,8580,606.94
387,13.07.2016,Unleaded,132.9,108.0,97.6,10.4,5156,6852,5571,537.36
388,13.07.2016,Diesel,115.9,94.2,87.6,6.7,9547,11065,8996,636.47
389,14.07.2016,Unleaded,130.0,105.7,97.6,8.1,6877,8943,7271,556.77
390,14.07.2016,Diesel,113.1,92.0,87.6,4.4,12692,14354,11670,556.68
391,15.07.2016,Unleaded,129.9,105.6,97.4,8.2,6642,8627,7014,542.42
392,15.07.2016,Diesel,112.9,91.8,87.3,4.5,12452,14059,11430,564.11
393,16.07.2016,Unleaded,129.9,105.6,97.4,8.2,5318,6908,5616,434.11
394,16.07.2016,Diesel,112.9,91.8,87.3,4.5,10304,11634,9458,466.94
395,17.07.2016,Unleaded,129.9,105.6,97.4,8.2,5690,7391,6009,465.16
396,17.07.2016,Diesel,112.9,91.8,86.2,5.6,8395,9478,7706,472.81
397,18.07.2016,Unleaded,129.9,105.6,97.4,8.2,5123,6655,5410,418.74
398,18.07.2016,Diesel,112.9,91.8,86.2,5.6,9062,10232,8319,510.41
399,19.07.2016,Unleaded,129.9,105.6,97.4,8.2,4913,6381,5188,401.00
400,19.07.2016,Diesel,112.9,91.8,87.3,4.5,9916,11195,9102,449.32
401,20.07.2016,Unleaded,129.9,105.6,97.4,8.2,4566,5932,4822,372.86
402,20.07.2016,Diesel,112.9,91.8,87.3,4.5,10351,11687,9502,469.03
403,21.07.2016,Unleaded,129.9,105.6,97.4,8.2,5620,7300,5935,459.29
404,21.07.2016,Diesel,112.9,91.8,86.2,5.6,11488,12970,10545,646.93
405,22.07.2016,Unleaded,129.9,105.6,97.4,8.2,6420,8340,6780,524.83
406,22.07.2016,Diesel,112.9,91.8,86.2,5.6,10547,11908,9682,594.00
407,23.07.2016,Unleaded,129.9,105.6,97.4,8.2,5983,7772,6319,489.14
408,23.07.2016,Diesel,112.9,91.8,86.2,5.6,9884,11160,9073,556.66
409,24.07.2016,Unleaded,128.3,104.4,97.4,6.9,5585,7169,5828,386.27
410,24.07.2016,Diesel,111.3,90.5,86.2,4.4,8660,9643,7840,378.59
411,25.07.2016,Unleaded,127.9,104.0,97.4,6.6,5512,7050,5732,361.04
412,25.07.2016,Diesel,110.9,90.2,86.2,4.0,10818,11998,9754,433.05
413,26.07.2016,Unleaded,127.9,104.0,97.5,6.5,4661,5961,4846,303.78
414,26.07.2016,Diesel,110.9,90.2,87.2,2.9,11610,12876,10468,339.45
415,27.07.2016,Unleaded,127.9,104.0,97.5,6.5,5688,7275,5914,370.75
416,27.07.2016,Diesel,110.9,90.2,87.2,2.9,10955,12150,9878,320.32
417,28.07.2016,Unleaded,127.9,104.0,97.5,6.5,6559,8388,6820,427.51
418,28.07.2016,Diesel,110.9,90.2,87.2,2.9,12343,13688,11129,360.88
419,29.07.2016,Unleaded,127.9,104.0,97.5,6.5,7466,9548,7763,486.75
420,29.07.2016,Diesel,110.9,90.2,87.2,2.9,12693,14077,11445,371.15
421,30.07.2016,Unleaded,127.9,104.0,97.5,6.5,6184,7909,6430,403.15
422,30.07.2016,Diesel,110.9,90.2,87.2,2.9,10929,12120,9854,319.51
423,31.07.2016,Unleaded,127.9,104.0,97.5,6.5,4904,6272,5099,319.67
424,31.07.2016,Diesel,110.9,90.2,87.2,2.9,8676,9621,7822,253.71
425,01.08.2016,Unleaded,127.9,104.0,96.2,7.8,4734,6055,4923,368.79
426,01.08.2016,Diesel,110.9,90.2,84.9,5.3,8785,9742,7921,465.92
427,02.08.2016,Unleaded,127.9,104.0,96.2,7.8,4458,5702,4635,347.20
428,02.08.2016,Diesel,110.9,90.2,84.9,5.3,11399,12641,10278,604.46
429,03.08.2016,Unleaded,127.9,104.0,96.2,7.8,5001,6396,5200,389.43
430,03.08.2016,Diesel,110.9,90.2,84.9,5.3,10133,11237,9136,537.34
431,04.08.2016,Unleaded,127.9,104.0,96.2,7.8,5493,7025,5711,427.79
432,04.08.2016,Diesel,110.9,90.2,84.9,5.3,12170,13497,10973,645.38
433,05.08.2016,Unleaded,126.2,102.6,95.4,7.2,6424,8110,6594,462.39
434,05.08.2016,Diesel,110.9,90.2,83.5,6.6,12967,14381,11692,861.47
435,06.08.2016,Unleaded,125.9,102.4,95.4,6.9,6379,8031,6530,441.03
436,06.08.2016,Diesel,110.9,90.2,83.5,6.6,9360,10380,8439,621.76
437,07.08.2016,Unleaded,125.9,102.4,95.4,6.9,5815,7320,5952,402.10
438,07.08.2016,Diesel,110.9,90.2,83.5,6.6,7105,7880,6406,472.03
439,08.08.2016,Unleaded,125.9,102.4,95.4,6.9,4833,6085,4947,334.19
440,08.08.2016,Diesel,110.9,90.2,83.5,6.6,10568,11719,9528,701.94
441,09.08.2016,Unleaded,125.9,102.4,96.1,6.2,5163,6500,5284,322.37
442,09.08.2016,Diesel,110.9,90.2,84.0,6.1,10105,11206,9111,620.76
443,10.08.2016,Unleaded,125.9,102.4,96.1,6.2,5639,7099,5772,352.11
444,10.08.2016,Diesel,110.9,90.2,84.0,6.1,10487,11630,9455,644.31
445,11.08.2016,Unleaded,125.9,102.4,96.1,6.2,6269,7892,6416,391.43
446,11.08.2016,Diesel,110.9,90.2,84.0,6.1,10909,12098,9835,670.08
447,12.08.2016,Unleaded,125.9,102.4,96.1,6.2,6903,8690,7065,431.01
448,12.08.2016,Diesel,110.9,90.2,84.0,6.1,11671,12943,10523,717.02
449,13.08.2016,Unleaded,125.9,102.4,96.1,6.2,6394,8050,6544,399.25
450,13.08.2016,Diesel,110.9,90.2,84.0,6.1,10337,11464,9320,635.07
451,14.08.2016,Unleaded,125.9,102.4,96.1,6.2,5376,6768,5502,335.69
452,14.08.2016,Diesel,110.9,90.2,84.0,6.1,8552,9484,7711,525.47
453,15.08.2016,Unleaded,125.9,102.4,96.1,6.3,5408,6809,5536,337.80
454,15.08.2016,Diesel,110.9,90.2,84.0,6.1,10148,11254,9150,623.49
455,16.08.2016,Unleaded,125.9,102.4,96.2,6.1,5426,6831,5554,332.22
456,16.08.2016,Diesel,110.9,90.2,85.9,4.3,8788,9746,7924,378.21
457,17.08.2016,Unleaded,125.9,102.4,96.2,6.1,5544,6980,5675,339.41
458,17.08.2016,Diesel,110.9,90.2,85.9,4.3,10149,11255,9151,436.83
459,18.08.2016,Unleaded,125.9,102.4,96.2,6.1,6017,7575,6158,368.44
460,18.08.2016,Diesel,110.9,90.2,85.9,4.3,10736,11907,9680,462.01
461,19.08.2016,Unleaded,125.9,102.4,96.2,6.1,6019,7577,6160,368.52
462,19.08.2016,Diesel,110.9,90.2,85.9,4.3,10671,11835,9622,459.35
463,20.08.2016,Unleaded,125.9,102.4,97.4,4.9,5683,7155,5817,279.75
464,20.08.2016,Diesel,110.9,90.2,87.7,2.5,10266,11385,9256,256.01
465,21.08.2016,Unleaded,125.9,102.4,97.4,4.9,5254,6614,5377,258.67
466,21.08.2016,Diesel,110.9,90.2,87.7,2.5,8292,9196,7476,206.71
467,22.08.2016,Unleaded,125.9,102.4,97.4,4.9,4795,6037,4908,236.10
468,22.08.2016,Diesel,110.9,90.2,87.7,2.5,9530,10569,8593,237.68
469,23.08.2016,Unleaded,125.9,102.4,98.5,3.9,4906,6176,5022,191.10
470,23.08.2016,Diesel,113.1,91.9,88.6,3.4,9070,10255,8338,305.00
471,24.08.2016,Unleaded,125.9,102.4,98.5,3.9,5280,6647,5404,205.69
472,24.08.2016,Diesel,113.9,92.6,88.6,4.0,9636,10975,8923,389.21
473,25.08.2016,Unleaded,127.0,103.2,98.2,5.1,6182,7851,6383,313.73
474,25.08.2016,Diesel,113.9,92.6,88.8,3.8,10215,11635,9459,383.94
475,26.08.2016,Unleaded,127.9,104.0,98.2,5.8,6696,8564,6962,389.02
476,26.08.2016,Diesel,113.9,92.6,88.8,3.8,10970,12494,10158,412.34
477,27.08.2016,Unleaded,127.9,104.0,98.2,5.8,6166,7886,6411,358.08
478,27.08.2016,Diesel,113.9,92.6,88.8,3.8,10312,11745,9549,387.56
479,28.08.2016,Unleaded,127.9,104.0,96.1,7.9,4799,6137,4990,377.60
480,28.08.2016,Diesel,113.9,92.6,85.9,6.7,8677,9882,8034,584.70
481,29.08.2016,Unleaded,127.9,104.0,96.1,7.9,4276,5469,4446,336.44
482,29.08.2016,Diesel,113.9,92.6,85.9,6.7,9968,11353,9230,671.64
483,30.08.2016,Unleaded,127.9,104.0,99.0,5.0,4741,6063,4929,234.63
484,30.08.2016,Diesel,113.9,92.6,88.7,3.9,9721,11072,9001,378.01
485,31.08.2016,Unleaded,127.9,104.0,99.0,5.0,5362,6858,5575,265.32
486,31.08.2016,Diesel,113.9,92.6,88.7,3.9,9925,11304,9191,385.97
487,01.09.2016,Unleaded,127.9,104.0,99.1,4.9,5451,6971,5667,264.30
488,01.09.2016,Diesel,113.9,92.6,88.6,4.0,11455,13047,10607,462.67
489,02.09.2016,Unleaded,127.9,104.0,99.1,4.9,7063,9032,7343,342.33
490,02.09.2016,Diesel,113.9,92.6,88.6,4.0,12345,14060,11431,498.57
491,03.09.2016,Unleaded,127.9,104.0,99.1,4.9,5058,6469,5260,245.22
492,03.09.2016,Diesel,113.9,92.6,88.6,4.0,9112,10379,8438,368.01
493,04.09.2016,Unleaded,127.9,104.0,99.1,4.9,4841,6191,5034,234.63
494,04.09.2016,Diesel,113.9,92.6,88.7,3.9,6904,7863,6393,268.44
495,05.09.2016,Unleaded,127.9,104.0,99.1,4.9,5040,6446,5241,244.44
496,05.09.2016,Diesel,113.9,92.6,88.7,3.9,9730,11082,9010,378.42
497,06.09.2016,Unleaded,127.9,104.0,97.4,6.6,5001,6396,5200,327.46
498,06.09.2016,Diesel,113.9,92.6,87.4,5.2,10240,11663,9482,534.42
499,07.09.2016,Unleaded,127.9,104.0,97.4,6.6,5540,7085,5761,362.79
500,07.09.2016,Diesel,113.9,92.6,87.4,5.2,11694,13319,10828,610.27
501,08.09.2016,Unleaded,127.9,104.0,97.4,6.6,4647,5944,4832,304.27
502,08.09.2016,Diesel,113.9,92.6,87.4,5.2,10322,11756,9558,538.65
503,09.09.2016,Unleaded,127.9,104.0,97.4,6.6,5988,7658,6226,392.10
504,09.09.2016,Diesel,113.9,92.6,87.4,5.2,10577,12047,9794,551.97
505,10.09.2016,Unleaded,127.9,104.0,97.3,6.7,5654,7231,5879,377.01
506,10.09.2016,Diesel,113.9,92.6,87.7,4.9,9596,10929,8886,473.93
507,11.09.2016,Unleaded,127.9,104.0,97.3,6.7,4702,6013,4889,313.53
508,11.09.2016,Diesel,113.9,92.6,87.7,4.9,7899,8997,7315,390.12
509,12.09.2016,Unleaded,127.9,104.0,97.3,6.7,4582,5860,4764,305.53
510,12.09.2016,Diesel,113.9,92.6,87.7,4.9,9706,11054,8987,479.37
511,13.09.2016,Unleaded,127.9,104.0,99.0,4.9,4489,5741,4668,221.66
512,13.09.2016,Diesel,113.9,92.6,88.1,4.5,9776,11135,9053,440.78
513,14.09.2016,Unleaded,127.9,104.0,99.0,4.9,4938,6315,5134,243.79
514,14.09.2016,Diesel,113.9,92.6,88.1,4.5,9791,11151,9066,441.46
515,15.09.2016,Unleaded,127.9,104.0,99.0,4.9,5437,6954,5653,268.47
516,15.09.2016,Diesel,113.9,92.6,88.1,4.5,11653,13273,10791,525.44
517,16.09.2016,Unleaded,127.9,104.0,99.0,4.9,5746,7349,5975,283.76
518,16.09.2016,Diesel,113.9,92.6,88.1,4.5,10238,11661,9480,461.59
519,17.09.2016,Unleaded,127.9,104.0,97.4,6.6,5210,6663,5417,341.18
520,17.09.2016,Diesel,113.9,92.6,87.7,4.9,9599,10933,8889,474.06
521,18.09.2016,Unleaded,127.9,104.0,98.2,5.8,4543,5811,4724,261.19
522,18.09.2016,Diesel,113.9,92.6,87.0,5.6,8654,9857,8013,483.65
523,19.09.2016,Unleaded,127.9,104.0,98.2,5.8,4961,6345,5158,285.16
524,19.09.2016,Diesel,113.9,92.6,87.0,5.6,9996,11385,9256,558.68
525,20.09.2016,Unleaded,127.9,104.0,98.2,5.8,4844,6196,5037,278.50
526,20.09.2016,Diesel,113.9,92.6,87.0,5.6,9494,10814,8792,530.59
527,21.09.2016,Unleaded,127.9,104.0,98.2,5.8,4854,6208,5047,279.06
528,21.09.2016,Diesel,113.9,92.6,87.0,5.6,9869,11241,9139,551.57
529,22.09.2016,Unleaded,127.9,104.0,98.2,5.8,5944,7602,6180,341.65
530,22.09.2016,Diesel,113.9,92.6,87.0,5.6,10784,12282,9986,602.70
531,23.09.2016,Unleaded,127.9,104.0,98.2,5.8,5886,7528,6120,338.40
532,23.09.2016,Diesel,113.9,92.6,87.0,5.6,11472,13066,10623,641.13
533,24.09.2016,Unleaded,127.9,104.0,98.2,5.8,5130,6561,5334,294.97
534,24.09.2016,Diesel,113.9,92.6,87.0,5.6,9265,10552,8579,517.76
535,25.09.2016,Unleaded,127.9,104.0,98.2,5.8,5057,6467,5258,290.59
536,25.09.2016,Diesel,113.9,92.6,87.0,5.6,9641,10981,8928,538.81
537,26.09.2016,Unleaded,127.9,104.0,98.4,5.6,4201,5372,4368,235.60
538,26.09.2016,Diesel,113.9,92.6,88.2,4.4,10036,11431,9293,438.48
539,27.09.2016,Unleaded,127.9,104.0,98.4,5.6,4770,6100,4960,267.40
540,27.09.2016,Diesel,113.9,92.6,88.2,4.4,8958,10202,8295,391.34
541,28.09.2016,Unleaded,127.9,104.0,98.4,5.6,4967,6352,5164,278.52
542,28.09.2016,Diesel,113.9,92.6,88.2,4.4,9827,11192,9099,429.28
543,29.09.2016,Unleaded,127.9,104.0,98.4,5.6,5935,7591,6171,332.84
544,29.09.2016,Diesel,113.9,92.6,88.2,4.4,11562,13169,10706,505.13
545,30.09.2016,Unleaded,127.9,104.0,98.2,5.8,6266,8014,6515,360.22
546,30.09.2016,Diesel,113.9,92.6,87.9,4.7,11478,13073,10628,539.30
547,01.10.2016,Unleaded,127.9,104.0,98.2,5.8,5695,7284,5922,327.34
578,01.10.2016,Diesel,113.9,92.6,87.9,4.7,10685,12169,9894,502.02
579,02.10.2016,Unleaded,127.9,104.0,98.2,5.8,5620,7188,5844,323.01
580,02.10.2016,Diesel,113.9,92.6,87.9,4.7,10515,11976,9736,494.04
581,03.10.2016,Unleaded,127.9,104.0,98.2,5.8,5073,6488,5275,291.66
582,03.10.2016,Diesel,113.9,92.6,87.9,4.7,12111,13793,11214,569.02
583,04.10.2016,Unleaded,127.9,104.0,98.2,5.8,4956,6339,5154,284.93
584,04.10.2016,Diesel,113.9,92.6,87.9,4.7,11818,13461,10944,555.31
585,05.10.2016,Unleaded,127.9,104.0,99.0,5.0,4504,5760,4683,224.18
586,05.10.2016,Diesel,113.9,92.6,88.7,3.9,13414,15278,12421,526.97
587,06.10.2016,Unleaded,127.9,104.0,99.0,5.0,6055,7744,6296,301.38
588,06.10.2016,Diesel,115.6,94.0,88.7,5.3,11301,13063,10620,599.26
589,07.10.2016,Unleaded,127.9,104.0,99.0,5.0,6760,8646,7029,336.60
590,07.10.2016,Diesel,116.9,95.0,88.7,6.4,10991,12849,10446,700.21
591,08.10.2016,Unleaded,127.9,104.0,99.0,5.0,6179,7903,6425,307.74
592,08.10.2016,Diesel,116.9,95.0,87.9,7.1,9433,11027,8965,673.42
593,09.10.2016,Unleaded,127.9,104.0,99.0,5.0,5167,6608,5372,257.22
594,09.10.2016,Diesel,116.9,95.0,87.9,7.1,8086,9452,7685,577.37
595,10.10.2016,Unleaded,127.9,104.0,99.0,5.0,5469,6994,5686,272.14
596,10.10.2016,Diesel,116.9,95.0,87.9,7.1,11052,12920,10504,789.17
597,11.10.2016,Unleaded,127.9,104.0,101.1,2.9,5063,6475,5264,145.67
598,11.10.2016,Diesel,116.9,95.0,91.6,3.4,10582,12371,10058,365.16
599,12.10.2016,Unleaded,127.9,104.0,101.1,2.9,5401,6908,5616,155.39
600,12.10.2016,Diesel,116.9,95.0,91.6,3.4,10442,12207,9925,360.29
601,13.10.2016,Unleaded,127.9,104.0,101.1,2.9,6054,7742,6295,174.30
602,13.10.2016,Diesel,116.9,95.0,91.6,3.4,11429,13361,10863,394.35
603,14.10.2016,Unleaded,127.9,104.0,101.1,2.9,7323,9365,7614,210.82
604,14.10.2016,Diesel,116.9,95.0,91.6,3.4,12387,14480,11772,427.36
605,15.10.2016,Unleaded,127.9,104.0,101.1,2.9,6365,8140,6618,183.28
606,15.10.2016,Diesel,116.9,95.0,91.6,3.4,10860,12695,10321,374.70
607,16.10.2016,Unleaded,127.9,104.0,101.1,2.9,4991,6383,5189,143.59
608,16.10.2016,Diesel,116.9,95.0,91.6,3.4,9609,11232,9132,331.59
609,17.10.2016,Unleaded,129.3,105.1,101.1,4.0,5311,6867,5583,213.01
610,17.10.2016,Diesel,118.2,96.1,91.6,4.5,9594,11343,9222,435.14
611,18.10.2016,Unleaded,129.9,105.6,101.0,4.6,4878,6336,5151,226.50
612,18.10.2016,Diesel,118.9,96.7,92.3,4.4,10292,12237,9949,450.73
613,19.10.2016,Unleaded,129.9,105.6,101.0,4.6,5626,7308,5941,261.25
614,19.10.2016,Diesel,118.9,96.7,92.3,4.4,10334,12287,9989,452.55
615,20.10.2016,Unleaded,129.9,105.6,101.0,4.6,6509,8455,6874,302.31
616,20.10.2016,Diesel,118.9,96.7,92.3,4.4,11031,13116,10663,483.05
617,21.10.2016,Unleaded,129.9,105.6,101.0,4.6,6376,8282,6733,296.10
618,21.10.2016,Diesel,118.9,96.7,92.3,4.4,11787,14016,11395,516.13
619,22.10.2016,Unleaded,129.9,105.6,101.0,4.6,6525,8475,6890,303.12
620,22.10.2016,Diesel,118.9,96.7,92.3,4.4,10022,11916,9688,438.90
621,23.10.2016,Unleaded,129.9,105.6,101.0,4.6,5336,6931,5635,247.82
622,23.10.2016,Diesel,118.9,96.7,92.3,4.4,8125,9661,7854,355.80
623,24.10.2016,Unleaded,129.9,105.6,101.0,4.6,4916,6385,5191,224.84
624,24.10.2016,Diesel,118.9,96.7,92.4,4.2,10058,11959,9723,427.30
625,25.10.2016,Unleaded,129.9,105.6,100.9,4.7,4780,6209,5048,223.40
626,25.10.2016,Diesel,118.9,96.7,93.0,3.6,8983,10681,8684,326.02
627,26.10.2016,Unleaded,129.9,105.6,100.9,4.7,5340,6937,5640,249.57
628,26.10.2016,Diesel,118.9,96.7,93.0,3.6,10081,11987,9745,365.86
629,27.10.2016,Unleaded,129.9,105.6,100.9,4.7,6382,8290,6740,298.38
630,27.10.2016,Diesel,118.9,96.7,93.0,3.6,11965,14227,11567,434.30
631,28.10.2016,Unleaded,129.9,105.6,100.9,4.7,6320,8209,6674,295.49
632,28.10.2016,Diesel,119.4,97.1,93.0,4.0,12761,15240,12390,516.67
633,29.10.2016,Unleaded,129.9,105.6,100.9,4.7,6126,7957,6469,286.43
634,29.10.2016,Diesel,119.9,97.5,93.0,4.4,9520,11414,9280,422.91
635,30.10.2016,Uneaded,129.9,105.6,100.9,4.7,5798,7531,6123,271.10
636,30.10.2016,Diesel,119.9,97.5,92.5,4.9,8568,10273,8352,423.46
637,31.10.2016,Unleaded,129.9,105.6,100.9,4.7,5536,7191,5846,258.83
638,31.10.2016,Diesel,119.9,97.5,92.5,4.9,6986,8377,6810,345.27
639,01.11.2016,Unleaded,129.9,105.6,100.8,4.8,5783,7511,6107,277.72
640,01.11.2016,Diesel,119.9,97.5,92.5,4.9,10377,12442,10116,512.87
641,02.11.2016,Unleaded,129.9,105.6,100.8,4.8,6020,7819,6357,289.22
642,02.11.2016,Diesel,119.9,97.5,92.5,4.9,10707,12838,10437,529.13
643,03.11.2016,Unleaded,129.9,105.6,100.8,4.8,6398,8311,6757,307.45
644,03.11.2016,Diesel,119.9,97.5,92.5,4.9,12067,14469,11764,596.43
645,04.11.2016,Unleaded,129.9,105.6,99.8,5.8,6295,8176,6647,367.78
646,04.11.2016,Diesel,119.9,97.5,91.1,6.4,11958,14338,11657,763.17
647,05.11.2016,Unleaded,129.9,105.6,99.8,5.8,6421,8341,6781,375.37
648,05.11.2016,Diesel,119.9,97.5,91.1,6.4,9535,11432,9294,608.53
649,06.11.2016,Unleaded,129.9,105.6,97.3,8.3,6344,8240,6699,524.27
650,06.11.2016,Diesel,119.9,97.5,93.8,3.7,9210,11043,8978,343.74
651,07.11.2016,Unleaded,129.9,105.6,97.3,8.3,5208,6764,5500,430.34
652,07.11.2016,Diesel,119.9,97.5,93.8,3.7,10380,12447,10119,387.42
653,09.11.2016,Unleaded,129.9,105.6,98.2,7.4,9653,12539,10194,711.90
654,09.11.2016,Diesel,119.9,97.5,87.9,9.6,18735,22464,18264,1795.29
655,10.11.2016,Unleaded,129.9,105.6,99.0,6.6,6473,8408,6835,427.00
656,10.11.2016,Diesel,119.9,97.5,88.8,8.7,12699,15227,12379,1100.05
657,11.11.2016,Unleaded,129.9,105.6,99.0,6.6,6741,8756,7119,444.55
658,11.11.2016,Diesel,119.9,97.5,88.8,8.7,10705,12836,10436,927.38
659,12.11.2016,Unleaded,129.9,105.6,97.3,8.3,6821,8860,7203,563.84
660,12.11.2016,Diesel,119.9,97.5,88.5,8.9,10777,12922,10506,963.73
661,13.11.2016,Unleaded,129.9,105.6,97.3,8.3,5657,7348,5974,467.54
662,13.11.2016,Diesel,119.9,97.5,88.5,8.9,9610,11523,9369,859.40
663,14.11.2016,Unleaded,129.9,105.6,97.3,8.3,4714,6123,4978,389.53
664,14.11.2016,Diesel,119.9,97.5,88.5,8.9,10670,12794,10401,954.10
665,15.11.2016,Unleaded,129.9,105.6,97.3,8.3,4924,6395,5200,406.90
666,15.11.2016,Diesel,119.9,97.5,88.5,8.9,10334,12391,10074,924.14
667,16.11.2016,Unleaded,129.9,105.6,97.3,8.3,5776,7502,6100,477.31
668,16.11.2016,Diesel,119.9,97.5,88.5,8.9,10519,12613,10254,940.61
669,17.11.2016,Unleaded,129.9,105.6,97.3,8.3,5967,7750,6301,493.13
670,17.11.2016,Diesel,119.9,97.5,88.5,8.9,11192,13419,10910,1000.85
671,18.11.2016,Unleaded,129.9,105.6,96.9,8.7,6590,8560,6960,573.69
672,18.11.2016,Diesel,119.9,97.5,88.4,9.1,11976,14360,11675,1088.86
673,19.11.2016,Unleaded,129.9,105.6,96.9,8.7,5359,6960,5659,466.43
674,19.11.2016,Diesel,119.9,97.5,88.4,9.1,9720,11655,9476,883.83
675,20.11.2016,Unleaded,129.9,105.6,96.9,8.7,5751,7471,6074,500.73
676,20.11.2016,Diesel,119.9,97.5,88.4,9.1,10379,12445,10118,943.69
677,21.11.2016,Unleaded,129.9,105.6,96.9,8.7,4799,6233,5067,417.64
678,21.11.2016,Diesel,119.9,97.5,88.4,9.1,10210,12243,9953,928.39
679,22.11.2016,Unleaded,129.9,105.6,98.1,7.5,4938,6414,5214,371.99
680,22.11.2016,Diesel,119.1,96.9,89.8,7.0,10727,12780,10390,752.68
681,23.11.2016,Unleaded,129.9,105.6,98.1,7.5,5343,6940,5642,402.49
682,23.11.2016,Diesel,118.9,96.7,89.8,6.8,12750,15160,12325,870.73
683,24.11.2016,Unleaded,129.9,105.6,98.1,7.5,6444,8371,6806,485.63
684,24.11.2016,Diesel,118.9,96.7,89.8,6.8,12021,14293,11620,820.92
685,25.11.2016,Unleaded,129.9,105.6,98.1,7.5,6621,8600,6992,498.79
686,25.11.2016,Diesel,118.9,96.7,89.8,6.8,11564,13750,11179,789.76
687,26.11.2016,Unleaded,129.9,105.6,99.3,6.3,6009,7806,6346,379.48
688,26.11.2016,Diesel,118.9,96.7,91.4,5.3,9555,11361,9236,507.31
689,27.11.2016,Unleaded,129.9,105.6,99.3,6.3,4951,6432,5229,312.64
690,27.11.2016,Diesel,118.9,96.7,91.4,5.3,9688,11519,9365,514.37
691,28.11.2016,Unleaded,129.9,105.6,99.3,6.3,4875,6333,5148,307.84
692,28.11.2016,Diesel,118.9,96.7,91.4,5.3,11104,13203,10734,589.53
693,29.11.2016,Unleaded,129.9,105.6,100.4,5.2,5102,6627,5388,267.10
694,29.11.2016,Diesel,118.9,96.7,92.2,4.5,10713,12738,10356,479.89
695,30.11.2016,Unleaded,129.9,105.6,100.4,5.2,6293,8175,6646,329.34
696,30.11.2016,Diesel,118.9,96.7,92.2,4.5,10525,12515,10175,471.53
697,01.12.2016,Unleaded,129.9,105.6,100.4,5.2,6460,8392,6822,338.20
698,01.12.2016,Diesel,118.9,96.7,92.2,4.5,12700,15101,12277,568.89
699,02.12.2016,Unleaded,129.9,105.6,99.3,6.3,6213,8070,6561,394.72
700,02.12.2016,Diesel,118.9,96.7,91.3,5.4,12996,15453,12563,696.52
701,03.12.2016,Unleaded,129.9,105.6,99.3,6.4,5072,6588,5356,322.36
702,03.12.2016,Diesel,118.9,96.7,91.3,5.4,9716,11553,9392,520.76
703,04.12.2016,Unleaded,129.9,105.6,99.3,6.3,6173,8018,6519,392.26
704,04.12.2016,Diesel,118.9,96.7,91.3,5.4,9646,11470,9325,516.99
705,05.12.2016,Unleaded,129.9,105.6,99.3,6.3,5592,7264,5905,355.23
706,05.12.2016,Diesel,118.9,96.7,91.3,5.4,10303,12251,9960,552.14
707,06.12.2016,Unleaded,129.9,105.6,102.0,3.6,5188,6738,5478,184.87
708,06.12.2016,Diesel,118.9,96.7,93.2,3.5,10492,12476,10143,365.05
709,07.12.2016,Unleaded,129.9,105.6,102.0,3.6,5106,6633,5392,182.00
710,07.12.2016,Diesel,118.9,96.7,93.2,3.5,11383,13535,11004,396.02
711,08.12.2016,Unleaded,129.9,105.6,102.0,3.6,6237,8102,6587,222.39
712,08.12.2016,Diesel,118.9,96.7,93.2,3.5,13395,15927,12949,466.07
713,09.12.2016,Unleaded,129.9,105.6,102.0,3.6,5539,7195,5849,197.44
714,09.12.2016,Diesel,118.9,96.7,93.2,3.5,12955,15404,12523,450.72
715,10.12.2016,Unleaded,129.9,105.6,102.0,3.6,5386,6996,5688,192.03
716,10.12.2016,Diesel,118.9,96.7,93.2,3.5,9816,11671,9489,341.55
717,11.12.2016,Unleaded,129.9,105.6,102.0,3.6,5241,6807,5534,186.82
718,11.12.2016,Diesel,118.9,96.7,93.5,3.1,9945,11825,9614,310.25
719,12.12.2016,Unleaded,129.9,105.6,102.0,3.6,4672,6069,4934,169.84
720,12.12.2016,Diesel,118.9,96.7,93.5,3.1,11253,13381,10878,351.00
721,13.12.2016,Unleaded,129.9,105.6,102.0,3.6,4882,6341,5155,177.41
722,13.12.2016,Diesel,118.9,96.7,93.5,3.1,10567,12565,10215,329.62
723,14.12.2016,Unleaded,129.9,105.6,102.0,3.6,5628,7310,5943,204.47
724,14.12.2016,Diesel,118.9,96.7,93.5,3.1,12867,15299,12438,401.31
725,15.12.2016,Unleaded,129.9,105.6,102.0,3.6,5992,7783,6328,217.78
726,15.12.2016,Diesel,118.9,96.7,93.5,3.1,12198,14504,11792,380.50
727,16.12.2016,Unleaded,129.9,105.6,102.0,3.6,6375,8281,6732,231.75
728,16.12.2016,Diesel,118.9,96.7,93.5,3.1,12793,15211,12366,399.09
729,17.12.2016,Unleaded,129.9,105.6,102.0,3.6,5995,7787,6331,217.90
730,17.12.2016,Diesel,118.9,96.7,93.5,3.1,12537,14907,12119,391.18
731,18.12.2016,Unleaded,129.9,105.6,102.0,3.6,6452,8381,6814,234.47
732,18.12.2016,Diesel,118.9,96.7,95.2,1.4,11733,13951,11342,167.72
733,19.12.2016,Unleaded,129.9,105.6,104.1,1.5,5602,7276,5915,84.87
734,19.12.2016,Diesel,118.9,96.7,95.2,1.4,13702,16292,13245,195.81
735,20.12.2016,Unleaded,131.1,106.6,104.1,2.5,5826,7640,6211,147.23
736,20.12.2016,Diesel,120.9,98.3,95.2,3.1,13209,15975,12988,407.78
737,21.12.2016,Unleaded,132.9,108.0,103.6,4.4,6775,9004,7321,300.16
738,21.12.2016,Diesel,123.9,100.7,95.2,5.5,12016,14888,12104,660.11
739,22.12.2016,Unleaded,132.9,108.0,103.6,4.4,8180,10872,8839,362.49
740,22.12.2016,Diesel,123.9,100.7,95.2,5.5,13137,16277,13233,721.71
741,23.12.2016,Unleaded,132.9,108.0,103.6,4.4,6421,8534,6938,284.50
742,23.12.2016,Diesel,123.9,100.7,95.2,5.5,11034,13671,11115,606.10
743,24.12.2016,Unleaded,132.9,108.0,104.7,3.4,4721,6274,5101,159.04
744,24.12.2016,Diesel,123.9,100.7,96.4,4.3,9284,11503,9352,402.26
745,25.12.2016,Unleaded,132.9,108.0,105.0,3.0,147,196,159,4.50
746,25.12.2016,Diesel,123.9,100.7,96.0,4.8,193,239,194,9.18
747,26.12.2016,Unleaded,132.9,108.0,105.0,3.0,2744,3647,2965,83.75
748,26.12.2016,Diesel,123.9,100.7,96.0,4.8,4363,5406,4395,207.93
749,27.12.2016,Unleaded,132.9,108.0,105.0,3.0,4972,6608,5372,151.68
750,27.12.2016,Diesel,123.9,100.7,96.0,4.8,6604,8183,6653,314.66
751,28.12.2016,Unleaded,132.9,108.0,105.0,3.0,4897,6509,5291,149.44
752,28.12.2016,Diesel,123.9,100.7,96.0,4.8,8182,10138,8242,389.83
753,29.12.2016,Unleaded,132.9,108.0,105.0,3.0,4771,6340,5155,145.55
754,29.12.2016,Diesel,123.9,100.7,96.0,4.8,8583,10634,8646,408.83
755,30.12.2016,Unleaded,132.9,108.0,105.0,3.0,4984,6624,5386,152.07
756,30.12.2016,Diesel,123.9,100.7,96.0,4.8,8227,10193,8287,391.92
757,31.12.2016,Unleaded,132.9,108.0,103.6,4.4,4178,5553,4515,185.12
758,31.12.2016,Diesel,123.9,100.7,95.2,5.5,7370,9132,7425,404.98
